WBANNO LST_DATE CRX_VN LONGITUDE LATITUDE T_DAILY_MAX T_DAILY_MIN T_DAILY_MEAN T_DAILY_AVG P_DAILY_CALC SOLARAD_DAILY SUR_TEMP_DAILY_TYPE SUR_TEMP_DAILY_MAX SUR_TEMP_DAILY_MIN SUR_TEMP_DAILY_AVG RH_DAILY_MAX RH_DAILY_MIN RH_DAILY_AVG SOIL_MOISTURE_5_DAILY SOIL_MOISTURE_10_DAILY SOIL_MOISTURE_20_DAILY SOIL_MOISTURE_50_DAILY SOIL_MOISTURE_100_DAILY SOIL_TEMP_5_DAILY SOIL_TEMP_10_DAILY SOIL_TEMP_20_DAILY SOIL_TEMP_50_DAILY SOIL_TEMP_100_DAILY 
64756 20170101  2.422  -73.74   41.79     6.6    -5.4     0.6     2.2     0.0     8.68 C     7.9    -6.6    -0.5    84.8    30.7    53.7 -99.000 -99.000   0.207   0.152   0.175    -0.1     0.0     0.6     1.5     3.4
64756 20170102  2.422  -73.74   41.79     4.0    -6.8    -1.4    -1.2     0.0     2.08 C     4.1    -7.1    -1.6    91.1    49.1    77.4 -99.000 -99.000   0.205   0.151   0.173    -0.2     0.0     0.6     1.5     3.3
64756 20170103  2.422  -73.74   41.79     4.9     0.7     2.8     2.7    13.1     0.68 C     3.9     0.1     1.6    96.5    80.1    91.5 -99.000 -99.000   0.205   0.150   0.173    -0.1     0.0     0.5     1.5     3.3
64756 20170104  2.422  -73.74   41.79     8.7    -1.6     3.6     3.5     1.3     2.85 C     9.4    -4.5     1.3    97.4    34.0    73.1 -99.000 -99.000   0.215   0.153   0.174    -0.1     0.0     0.5     1.5     3.2
64756 20170105  2.422  -73.74   41.79    -0.5    -4.6    -2.5    -2.8     0.0     4.90 C     5.0    -7.6    -3.3    51.0    34.4    42.5 -99.000 -99.000   0.215   0.154   0.177    -0.1     0.0     0.5     1.4     3.1
64756 20170106  2.422  -73.74   41.79    -2.5   -10.1    -6.3    -4.7     1.3     5.17 C     1.8   -12.9    -5.2    89.8    40.0    60.8 -99.000 -99.000   0.210   0.153   0.177    -0.2     0.0     0.5     1.4     3.1
64756 20170107  2.422  -73.74   41.79    -7.3   -11.7    -9.5    -8.7     3.1     1.19 C    -5.0   -19.0    -8.5    84.4    50.9    71.2 -99.000 -99.000   0.204   0.152   0.175    -0.4    -0.1     0.5     1.4     3.0
64756 20170108  2.422  -73.74   41.79    -5.9   -14.5   -10.2    -9.4     0.0     6.15 C    -5.5   -23.1   -14.0    76.9    40.3    59.8 -99.000 -99.000   0.206   0.150   0.175    -0.4    -0.2     0.4     1.4     3.0
64756 20170109  2.422  -73.74   41.79    -6.5   -20.2   -13.3   -12.5     0.0     5.86 C    -6.4   -23.4   -16.2    82.5    45.1    65.8 -99.000 -99.000   0.223   0.148   0.175    -0.7    -0.4     0.4     1.3     3.0
64756 20170110  2.422  -73.74   41.79     4.8   -12.6    -3.9    -4.0     0.0     5.43 C     0.5   -18.1    -6.5    79.0    43.8    66.2 -99.000 -99.000 -99.000   0.145   0.175    -0.7    -0.4     0.3     1.3     2.9
64756 20170111  2.422  -73.74   41.79     9.7     3.0     6.3     5.9    13.3     7.03 C     9.4    -0.9     2.8    91.4    55.1    73.6 -99.000 -99.000 -99.000   0.144   0.172    -0.3    -0.3     0.2     1.2     2.9
64756 20170112  2.422  -73.74   41.79    13.8     5.8     9.8    10.4     4.7     1.26 C    10.9     3.2     6.5    95.3    80.6    88.5 -99.000 -99.000 -99.000   0.145   0.172    -0.2    -0.3     0.2     1.1     2.8
64756 20170113  2.422  -73.74   41.79    12.9    -4.7     4.1     2.8     0.0     9.45 C     8.8    -6.1     0.6    90.1    39.0    64.1 -99.000 -99.000 -99.000   0.149   0.175    -0.1    -0.2     0.2     1.1     2.8
64756 20170114  2.422  -73.74   41.79    -2.6    -8.4    -5.5    -4.5     0.0     2.99 C     0.6    -8.1    -3.3    82.7    48.9    60.9 -99.000 -99.000 -99.000   0.150   0.177    -0.1    -0.2     0.3     1.1     2.7
64756 20170115  2.422  -73.74   41.79     3.5    -9.9    -3.2    -3.4     0.0     9.82 C     7.7    -9.5    -3.7    92.8    39.1    71.2 -99.000 -99.000 -99.000   0.151   0.176    -0.1    -0.2     0.3     1.1     2.7
64756 20170116  2.422  -73.74   41.79     4.5   -11.5    -3.5    -2.7     0.0     9.05 C     7.5   -10.6    -2.9    89.8    40.3    66.3 -99.000 -99.000 -99.000   0.150   0.175    -0.4    -0.2     0.3     1.1     2.6
64756 20170117  2.422  -73.74   41.79     2.4    -1.9     0.3     0.8    11.3     1.10 C     3.9    -3.7     0.2    93.3    60.2    79.9 -99.000 -99.000 -99.000   0.148   0.174    -0.2    -0.2     0.3     1.1     2.6
64756 20170118  2.422  -73.74   41.79     3.9     0.3     2.1     1.9     1.1     1.62 C     5.3     0.0     1.3    96.9    82.0    93.8 -99.000 -99.000 -99.000   0.150   0.173    -0.2    -0.1     0.3     1.0     2.5
64756 20170119  2.422  -73.74   41.79     8.0     0.8     4.4     3.4     0.0     5.83 C    13.4    -0.5     2.8    97.6    62.5    82.3 -99.000 -99.000 -99.000   0.153   0.174    -0.1    -0.1     0.3     1.0     2.5
64756 20170120  2.422  -73.74   41.79     5.0     0.6     2.8     2.9     1.5     1.87 C     5.5    -1.4     1.7    93.4    67.2    77.9 -99.000 -99.000 -99.000   0.154   0.175     0.1     0.0     0.3     1.0     2.4
64756 20170121  2.422  -73.74   41.79    11.4     2.6     7.0     5.6     0.0     5.01 C    12.5    -0.7     4.3    95.2    69.2    88.7   0.250   0.253   0.196   0.155   0.175     0.9     0.7     0.7     1.2     2.4
64756 20170122  2.422  -73.74   41.79    14.3     2.6     8.4     7.0     0.0     6.34 C    19.8     0.6     6.8    96.7    62.2    82.9   0.227   0.243   0.211   0.156   0.175     2.6     1.9     1.5     1.6     2.5
64756 20170123  2.422  -73.74   41.79     4.3     1.0     2.7     2.7    16.0     1.31 C     4.2    -0.1     2.1    81.5    63.1    71.8   0.211   0.227   0.193   0.157   0.175     2.4     2.3     2.3     2.1     2.8
64756 20170124  2.422  -73.74   41.79     1.9     0.3     1.1     1.1    26.6     1.34 C     0.1    -0.1     0.0    93.3    71.9    86.1   0.221   0.235   0.195   0.156   0.174     1.2     1.3     1.8     2.2     3.0
64756 20170125  2.422  -73.74   41.79     5.6    -0.4     2.6     2.1     0.0     6.50 C     0.9    -3.2    -0.5    91.9    58.1    74.8   0.233   0.246   0.201   0.159   0.174     1.0     1.1     1.5     2.0     3.1
64756 20170126  2.422  -73.74   41.79    10.9     0.1     5.5     4.2     0.6     5.91 C     0.8    -2.6    -0.1    92.9    41.1    72.3   0.245   0.261   0.208   0.162   0.176     0.9     1.0     1.4     2.0     3.1
64756 20170127  2.422  -73.74   41.79     3.7     1.4     2.5     2.8     0.0     2.85 C     0.5    -2.6    -0.6    68.8    41.5    53.3   0.233   0.249   0.207   0.163   0.180     0.9     1.0     1.3     1.9     3.0
64756 20170128  2.422  -73.74   41.79     1.8    -1.0     0.4     0.5     0.0     4.57 C     0.6    -7.5    -2.9    66.9    50.7    56.6   0.245   0.258   0.201   0.159   0.179     0.5     0.7     1.1     1.8     2.9
64756 20170129  2.422  -73.74   41.79     3.2    -2.3     0.4     0.6     0.0     4.74 C     1.7    -4.8    -1.7    76.8    35.4    57.1   0.250   0.254   0.198   0.157   0.178     0.3     0.5     1.0     1.7     2.9
64756 20170130  2.422  -73.74   41.79     1.1    -5.8    -2.4    -2.5     0.0    10.56 C     5.6    -9.2    -3.6    80.9    38.1    56.7   0.254   0.257   0.197   0.156   0.176     0.3     0.4     0.8     1.6     2.9
64756 20170131  2.422  -73.74   41.79    -3.3    -9.6    -6.5    -5.5     1.9     3.25 C    -1.8   -10.8    -5.4    87.0    47.3    74.4 -99.000 -99.000   0.194   0.155   0.177     0.1     0.3     0.7     1.5     2.8
64756 20170201  2.422  -73.74   41.79     5.8    -5.1     0.4     0.3     0.3     6.25 C     4.9   -13.0    -3.0    92.9    41.6    70.3 -99.000 -99.000   0.190   0.153   0.176     0.0     0.2     0.6     1.4     2.7
64756 20170202  2.422  -73.74   41.79     4.5    -7.1    -1.3    -2.1     0.0     9.83 C    10.7    -8.2    -2.9    90.4    38.6    69.6 -99.000 -99.000   0.189   0.152   0.174     0.0     0.1     0.6     1.3     2.6
64756 20170203  2.422  -73.74   41.79    -0.7   -11.4    -6.0    -5.1     0.0     8.17 C     5.6   -10.7    -4.6    85.0    33.9    56.1 -99.000 -99.000   0.204   0.151   0.174    -0.1     0.1     0.5     1.2     2.5
64756 20170204  2.422  -73.74   41.79     0.4    -9.8    -4.7    -4.4     0.0    12.74 C     8.0   -10.4    -3.7    63.4    28.8    46.1 -99.000 -99.000   0.225   0.150   0.174    -0.4     0.0     0.4     1.2     2.4
64756 20170205  2.422  -73.74   41.79     3.0    -6.2    -1.6    -0.3     0.0     6.29 C     5.7    -7.5    -1.1    62.4    42.7    48.0 -99.000 -99.000   0.228   0.148   0.174    -0.4    -0.1     0.3     1.1     2.4
64756 20170206  2.422  -73.74   41.79     4.2    -3.2     0.5     0.3     0.0     9.56 C    10.8    -7.1    -0.5    73.4    35.0    49.6 -99.000 -99.000 -99.000   0.146   0.173    -0.3    -0.1     0.3     1.0     2.3
64756 20170207  2.422  -73.74   41.79     2.2    -4.0    -0.9    -0.4     3.0     0.99 C     2.2    -5.3    -0.5    93.4    70.6    85.7 -99.000 -99.000 -99.000   0.145   0.171    -0.3    -0.1     0.3     1.0     2.3
64756 20170208  2.422  -73.74   41.79    10.5     0.1     5.3     4.1     2.8     8.99 C    15.2    -1.7     3.2    96.4    50.0    78.4 -99.000 -99.000 -99.000   0.145   0.173    -0.2    -0.1     0.3     0.9     2.2
64756 20170209  2.422  -73.74   41.79     0.1   -12.6    -6.3    -5.7    22.3     2.53 C    -0.8   -26.7    -8.4    90.7    43.1    67.5 -99.000 -99.000 -99.000   0.149   0.174    -0.2    -0.1     0.2     0.9     2.2
64756 20170210  2.422  -73.74   41.79    -2.2   -12.6    -7.4    -6.6     1.1    13.23 C    -5.5   -25.0   -11.9    85.8    37.2    58.0 -99.000 -99.000 -99.000   0.151   0.174    -0.2    -0.1     0.2     0.9     2.2
64756 20170211  2.422  -73.74   41.79     4.6    -4.7    -0.1    -0.4     0.0     6.71 C     0.7    -6.0    -2.1    85.7    43.6    66.5 -99.000 -99.000 -99.000   0.151   0.174    -0.1    -0.1     0.3     0.9     2.1
64756 20170212  2.422  -73.74   41.79     1.6    -2.7    -0.5    -0.8    16.6     0.27 C    -0.1    -3.0    -1.3    95.5    60.0    83.2 -99.000 -99.000 -99.000   0.150   0.174    -0.1     0.0     0.3     0.9     2.1
64756 20170213  2.422  -73.74   41.79     1.7    -5.1    -1.7    -1.2     0.3    10.89 C     0.5   -11.0    -4.0    95.0    42.4    64.1 -99.000 -99.000 -99.000   0.150   0.174    -0.1     0.0     0.3     0.9     2.1
64756 20170214  2.422  -73.74   41.79     3.2    -7.3    -2.1    -1.9     0.0    13.54 C    -0.1   -15.0    -7.0    81.5    41.8    61.9 -99.000 -99.000 -99.000   0.151   0.175    -0.1     0.0     0.3     0.9     2.1
64756 20170215  2.422  -73.74   41.79     7.1    -4.0     1.6     1.1     1.3     7.93 C     1.0   -10.2    -3.3    93.3    47.6    74.6 -99.000 -99.000 -99.000   0.150   0.175     0.0     0.0     0.3     0.9     2.1
64756 20170216  2.422  -73.74   41.79     0.8    -5.2    -2.2    -1.7     0.0    10.55 C     0.2   -12.1    -4.7    68.3    47.2    54.6 -99.000 -99.000 -99.000   0.151   0.174     0.0     0.0     0.3     0.9     2.0
64756 20170217  2.422  -73.74   41.79     3.3   -12.2    -4.4    -3.3     0.0    15.08 C    -0.1   -19.8    -8.7    86.2    28.7    56.7 -99.000 -99.000 -99.000   0.151   0.174     0.0     0.0     0.4     0.9     2.0
64756 20170218  2.422  -73.74   41.79    13.6    -5.2     4.2     4.6     0.0    14.06 C     0.7   -10.8    -3.4    76.7    33.0    51.1 -99.000 -99.000 -99.000   0.151   0.174     0.0     0.0     0.4     0.9     2.0
64756 20170219  2.422  -73.74   41.79    14.9    -1.8     6.6     7.0     0.0    12.14 C     0.9    -6.2    -1.5    89.7    27.0    57.5 -99.000 -99.000 -99.000   0.152   0.173     0.0     0.0     0.4     0.9     2.0
64756 20170220  2.422  -73.74   41.79     6.7    -3.8     1.4     3.5     0.0    16.03 C     0.5   -11.2    -3.4    80.7    23.9    49.3 -99.000 -99.000 -99.000   0.157   0.176     0.0     0.0     0.3     0.9     2.0
64756 20170221  2.422  -73.74   41.79     7.2    -8.4    -0.6     0.5     0.0    12.56 C     0.8   -12.4    -4.0    82.6    34.0    58.1 -99.000 -99.000 -99.000   0.158   0.179     0.0     0.0     0.4     0.9     2.0
64756 20170222  2.422  -73.74   41.79    12.7     2.6     7.6     6.7     0.0    10.32 C    11.5    -0.5     2.5    81.8    48.1    66.3 -99.000 -99.000 -99.000   0.159   0.180     0.1     0.1     0.4     0.9     1.9
64756 20170223  2.422  -73.74   41.79    20.6     0.9    10.7    11.8     0.5    14.69 C    25.1    -1.5    10.0    90.7    44.7    68.3   0.253   0.274   0.229   0.160   0.183     2.5     2.0     1.2     1.1     1.9
64756 20170224  2.422  -73.74   41.79    23.5     7.5    15.5    15.6     0.2    13.59 C    28.5     4.7    14.1    96.0    42.0    72.3   0.220   0.245   0.208   0.160   0.181     6.8     5.5     3.6     1.9     2.1
64756 20170225  2.422  -73.74   41.79    19.8     2.4    11.1    14.1    19.2    11.03 C    27.4     1.3    13.9    89.6    57.9    76.8   0.229   0.243   0.203   0.159   0.178     9.4     8.5     6.3     3.7     2.7
64756 20170226  2.422  -73.74   41.79     4.9    -2.2     1.4     1.3     0.0    14.61 C    20.6    -6.3     2.4    89.6    33.1    49.2   0.236   0.250   0.212   0.165   0.182     5.7     5.9     5.9     4.9     3.5
64756 20170227  2.422  -73.74   41.79    11.9    -4.0     3.9     4.5     0.0    14.32 C    18.1    -6.8     2.7    68.3    22.4    42.1   0.214   0.227   0.200   0.159   0.181     3.5     3.7     4.1     4.4     3.9
64756 20170228  2.422  -73.74   41.79    17.0     3.0    10.0    10.0     0.0    13.30 C    24.9     2.1    10.3    80.9    30.5    59.1   0.206   0.219   0.195   0.156   0.178     6.0     5.4     4.5     4.1     4.0
64756 20170301  2.422  -73.74   41.79    17.6    11.8    14.7    14.5     1.0     3.06 C    16.0     9.8    12.4    88.0    61.2    78.6   0.204   0.216   0.193   0.155   0.176     8.6     7.9     6.3     4.9     4.1
64756 20170302  2.422  -73.74   41.79    15.2    -3.3     6.0     4.8     0.0    16.41 C    17.5    -7.8     4.8    66.2    27.6    39.2   0.200   0.212   0.192   0.154   0.175     7.2     7.2     6.7     5.7     4.4
64756 20170303  2.422  -73.74   41.79     2.1    -7.9    -2.9    -2.6     0.0    13.45 C    17.1    -9.2    -0.7    63.4    24.0    41.2   0.195   0.207   0.189   0.152   0.174     3.6     4.0     4.8     5.3     4.7
64756 20170304  2.422  -73.74   41.79    -2.5   -12.6    -7.6    -8.3     0.0    15.51 C    12.4   -14.1    -5.5    61.6    19.8    39.7   0.187   0.200   0.188   0.151   0.174     1.4     2.0     3.3     4.4     4.7
64756 20170305  2.422  -73.74   41.79    -1.2   -14.6    -7.9    -8.4     0.0    18.77 C    12.2   -15.7    -6.1    61.2    15.0    31.4   0.201   0.202   0.185   0.149   0.173     0.4     0.9     2.1     3.4     4.5
64756 20170306  2.422  -73.74   41.79     6.7   -13.9    -3.6    -2.6     0.0    15.96 C    19.1   -13.9    -0.3    77.9    16.0    42.2 -99.000 -99.000   0.183   0.148   0.172     0.1     0.5     1.4     2.7     4.1
64756 20170307  2.422  -73.74   41.79    10.7     1.3     6.0     6.2     1.3     1.73 C     9.3     0.6     5.0    92.5    46.6    82.2   0.207   0.217   0.184   0.146   0.173     1.4     1.1     1.4     2.3     3.8
64756 20170308  2.422  -73.74   41.79    14.8     5.8    10.3    10.6     0.8    14.96 C    23.7    -0.6     9.4    89.8    20.9    52.5   0.198   0.210   0.187   0.148   0.172     5.7     4.9     3.5     2.8     3.6
64756 20170309  2.422  -73.74   41.79    12.2     2.0     7.1     8.4     0.0    16.63 C    23.2    -2.3     6.7    49.8    14.9    24.3   0.189   0.204   0.187   0.150   0.172     5.0     4.8     4.3     3.8     3.8
64756 20170310  2.422  -73.74   41.79     2.0    -8.2    -3.1    -1.9     9.1     4.16 C     1.2   -14.8    -4.3    93.6    35.8    64.6   0.187   0.201   0.185   0.149   0.172     3.2     3.4     3.9     4.0     4.0
64756 20170311  2.422  -73.74   41.79    -5.9   -13.6    -9.8    -9.1     0.0    13.15 C    -6.3   -23.3   -12.7    66.7    35.5    46.1   0.188   0.203   0.185   0.147   0.171     2.3     2.5     3.0     3.6     4.0
64756 20170312  2.422  -73.74   41.79    -3.8   -15.1    -9.4    -9.2     0.0    18.72 C    -3.3   -25.6   -14.0    65.7    34.8    48.6   0.189   0.203   0.185   0.147   0.170     1.5     1.8     2.4     3.2     4.0
64756 20170313  2.422  -73.74   41.79    -0.6   -16.5    -8.6    -7.1     0.0    19.23 C    -0.5   -22.2   -10.3    81.6    20.8    49.9   0.192   0.204   0.185   0.148   0.170     0.8     1.2     1.9     2.8     3.9
64756 20170314  2.422  -73.74   41.79    -3.3    -7.2    -5.2    -5.1    65.7     1.47 C    -3.8    -9.7    -5.5    91.1    56.1    84.3   0.197   0.209   0.187   0.147   0.169     0.7     0.9     1.5     2.4     3.7
64756 20170315  2.422  -73.74   41.79    -3.5   -10.3    -6.9    -6.4     0.0    13.73 C    -2.9   -20.6    -9.9    69.4    36.6    51.3   0.196   0.209   0.187   0.147   0.169     0.9     1.0     1.4     2.2     3.5
64756 20170316  2.422  -73.74   41.79     1.3    -6.8    -2.8    -2.9     0.0    20.53 C    -0.6   -15.9    -8.8    67.7    30.2    45.8   0.197   0.209   0.188   0.148   0.170     1.0     1.1     1.5     2.1     3.3
64756 20170317  2.422  -73.74   41.79     6.5   -11.7    -2.6    -1.8     0.0    21.13 C     0.6   -18.8    -8.7    76.8    20.7    48.9   0.197   0.210   0.188   0.148   0.170     1.0     1.1     1.4     2.0     3.2
64756 20170318  2.422  -73.74   41.79     3.9   -11.8    -4.0    -2.4     0.4     9.34 C     0.5   -20.5    -6.7    92.0    29.4    65.2   0.198   0.210   0.188   0.148   0.170     1.0     1.1     1.4     2.0     3.1
64756 20170319  2.422  -73.74   41.79     5.6    -3.0     1.3     1.7     0.0    20.19 C     0.6   -12.3    -2.8    68.6    28.6    49.8   0.206   0.215   0.189   0.149   0.170     0.9     1.0     1.4     1.9     3.0
64756 20170320  2.422  -73.74   41.79     8.9    -4.2     2.4     2.1     0.0    21.79 C     0.8   -15.3    -4.7    60.0    17.7    40.4   0.217   0.227   0.193   0.151   0.171     0.9     1.0     1.3     1.9     3.0
64756 20170321  2.422  -73.74   41.79    12.3    -1.6     5.4     4.9     0.0    18.39 C     1.1    -6.5    -1.2    80.7    19.3    52.7   0.238   0.247   0.205   0.155   0.170     0.8     0.9     1.2     1.8     2.9
64756 20170322  2.422  -73.74   41.79     1.2    -8.9    -3.9    -3.9     0.0    20.76 C    -1.0   -17.8    -7.8    87.6    24.3    45.1   0.236   0.248   0.211   0.161   0.173     0.8     0.9     1.2     1.7     2.8
64756 20170323  2.422  -73.74   41.79     3.0   -10.2    -3.6    -3.6     0.0    22.62 C     0.2   -19.1    -8.4    65.0    16.8    34.6   0.243   0.244   0.203   0.158   0.176     0.4     0.6     1.1     1.7     2.8
64756 20170324  2.422  -73.74   41.79     7.1    -5.7     0.7     2.4     0.4     6.57 C     0.6    -9.0    -1.4    78.3    36.7    55.5   0.250   0.250   0.199   0.156   0.176     0.3     0.5     0.9     1.6     2.7
64756 20170325  2.422  -73.74   41.79     7.8     1.2     4.5     3.3     1.7     3.37 C     0.5    -0.2     0.1    93.3    61.1    83.2   0.280   0.280   0.208   0.158   0.175     0.4     0.4     0.8     1.5     2.6
64756 20170326  2.422  -73.74   41.79     2.8    -0.2     1.3     1.3     3.2     3.35 C     0.3    -0.5     0.0    93.8    68.3    83.7   0.294   0.298   0.217   0.164   0.177     0.4     0.5     0.8     1.4     2.5
64756 20170327  2.422  -73.74   41.79     8.3     1.3     4.8     3.6     8.5     7.05 C     2.9    -0.4     0.4    95.9    79.0    90.0   0.286   0.321   0.231   0.170   0.185     0.6     0.6     0.8     1.4     2.4
64756 20170328  2.422  -73.74   41.79     6.4     2.1     4.2     4.9    11.5     2.82 C     7.9     0.4     3.6    96.3    84.2    92.9   0.274   0.295   0.231   0.170   0.191     1.5     1.3     1.2     1.4     2.3
64756 20170329  2.422  -73.74   41.79    10.9     0.6     5.8     5.8     0.0    20.38 C    25.4    -5.6     7.4    96.4    34.0    63.7   0.239   0.251   0.217   0.166   0.192     4.8     4.1     2.8     1.9     2.3
64756 20170330  2.422  -73.74   41.79    10.1    -4.4     2.8     3.6     0.4    19.61 C    26.7    -7.2     6.3    88.5    25.7    53.9   0.215   0.228   0.204   0.159   0.184     4.5     4.1     3.4     2.7     2.5
64756 20170331  2.422  -73.74   41.79     3.5     0.2     1.8     2.4    19.1     1.68 C     4.8    -0.1     2.3    94.2    78.1    85.2   0.241   0.248   0.210   0.159   0.179     3.7     3.7     3.6     3.2     2.8
64756 20170401  2.422  -73.74   41.79     6.1     0.3     3.2     2.8     2.7     7.89 C    11.8     0.0     3.8    95.2    67.2    84.2   0.249   0.260   0.222   0.167   0.183     3.6     3.3     3.1     3.0     3.0
64756 20170402  2.422  -73.74   41.79    16.5     0.6     8.6     7.7     0.0    22.87 C    29.8    -2.8     8.8    88.2    24.3    55.0   0.221   0.233   0.207   0.161   0.183     6.2     5.5     4.2     3.3     3.1
64756 20170403  2.422  -73.74   41.79    17.6    -1.9     7.9     8.8     0.6    14.48 C    31.6    -3.7     9.7    88.8    28.9    55.0   0.209   0.220   0.200   0.157   0.179     6.6     6.1     5.1     4.1     3.3
64756 20170404  2.422  -73.74   41.79     9.3     5.1     7.2     7.4    21.1     3.39 C    11.1     4.7     7.5    93.0    67.9    84.3   0.257   0.263   0.220   0.164   0.179     7.0     6.7     5.9     4.8     3.7
64756 20170405  2.422  -73.74   41.79    14.8     5.1     9.9     8.7     0.0    12.22 C    25.9     3.2    10.1    93.3    49.6    75.6   0.229   0.240   0.211   0.162   0.183     8.1     7.5     6.3     5.2     4.0
64756 20170406  2.422  -73.74   41.79    10.1     3.7     6.9     6.0     7.7     1.30 C     8.4     4.1     5.7    89.8    74.9    84.1   0.231   0.238   0.207   0.159   0.180     6.6     6.6     6.4     5.7     4.4
64756 20170407  2.422  -73.74   41.79     9.9     2.5     6.2     6.5     0.4     6.73 C    16.7     0.8     6.4    76.0    49.3    63.7   0.228   0.239   0.209   0.161   0.179     6.6     6.4     6.0     5.5     4.7
64756 20170408  2.422  -73.74   41.79    11.8    -2.6     4.6     5.4     0.0    20.26 C    26.9    -4.6     7.1    78.2    30.0    47.4   0.214   0.225   0.202   0.157   0.178     7.2     6.9     6.1     5.5     4.8
64756 20170409  2.422  -73.74   41.79    20.3    -4.1     8.1     9.0     0.0    23.97 C    32.4    -6.4    10.2    88.0    15.4    45.7   0.203   0.215   0.196   0.155   0.177     8.0     7.5     6.5     5.7     5.0
64756 20170410  2.422  -73.74   41.79    26.6     5.4    16.0    17.3     0.0    18.71 C    34.5     0.6    14.8    59.0    18.2    34.9   0.193   0.206   0.192   0.153   0.175     9.9     9.3     7.8     6.3     5.1
64756 20170411  2.422  -73.74   41.79    30.6     9.6    20.1    21.1     0.0    22.10 C    38.1     5.8    19.2    72.5    16.5    41.8   0.183   0.197   0.188   0.151   0.174    12.6    11.6     9.4     7.3     5.5
64756 20170412  2.422  -73.74   41.79    18.3     7.1    12.7    13.0     2.8    10.14 C    27.8     1.7    12.3    90.9    56.1    75.2   0.183   0.194   0.185   0.149   0.172    12.0    11.7    10.3     8.4     6.0
64756 20170413  2.422  -73.74   41.79    15.9    -0.2     7.9     8.1     0.0    21.44 C    30.1    -2.1     9.5    92.8    26.4    54.7   0.183   0.194   0.184   0.149   0.172    10.7    10.5     9.7     8.6     6.5
64756 20170414  2.422  -73.74   41.79    18.0     0.0     9.0     8.8     0.0    24.95 C    32.7    -2.4    11.1    82.9    17.6    46.3   0.175   0.189   0.181   0.147   0.172    10.9    10.5     9.6     8.5     6.8
64756 20170415  2.422  -73.74   41.79    19.8    -0.5     9.6    11.5     0.0    18.34 C    33.3    -2.2    11.9    82.9    27.2    53.7   0.167   0.182   0.178   0.146   0.171    10.6    10.3     9.6     8.6     7.1
64756 20170416  2.422  -73.74   41.79    29.9    12.2    21.0    19.7     7.3    20.18 C    37.9     7.8    19.3    93.5    24.4    65.2   0.162   0.177   0.175   0.144   0.171    13.3    12.4    10.6     8.9     7.2
64756 20170417  2.422  -73.74   41.79    21.5     8.0    14.7    16.1     0.0    19.12 C    31.3     1.1    15.2    95.0    20.9    50.0   0.173   0.183   0.175   0.144   0.170    14.1    13.6    12.0     9.9     7.5
64756 20170418  2.422  -73.74   41.79    15.9     5.0    10.5    10.2     0.0    26.37 C    31.9     0.1    12.9    72.0    27.4    50.8   0.164   0.178   0.174   0.142   0.169    12.7    12.4    11.5    10.1     8.0
64756 20170419  2.422  -73.74   41.79    13.3     5.3     9.3     7.7     4.1    12.85 C    30.0     2.6    10.4    91.1    44.5    69.6   0.158   0.174   0.171   0.141   0.168    11.7    11.7    11.2    10.2     8.3
64756 20170420  2.422  -73.74   41.79    19.2     6.9    13.0    12.4     6.5    12.18 C    29.9     7.5    14.6    94.1    49.7    77.7   0.186   0.187   0.171   0.142   0.167    12.8    12.3    11.1    10.0     8.5
64756 20170421  2.422  -73.74   41.79    12.9     8.8    10.9    10.6     6.9     4.91 C    17.9     9.3    11.9    92.9    75.6    85.7   0.226   0.229   0.185   0.144   0.166    12.5    12.3    11.6    10.4     8.6
64756 20170422  2.422  -73.74   41.79    13.6     6.8    10.2    10.0     0.2     7.45 C    20.5     3.8    11.1    94.9    54.2    74.4   0.210   0.220   0.190   0.148   0.166    12.1    11.9    11.3    10.4     8.9
64756 20170423  2.422  -73.74   41.79    20.1     0.6    10.4    11.5     0.0    27.10 C    32.8    -0.5    13.7    90.1    22.8    51.2   0.197   0.210   0.189   0.149   0.167    13.0    12.4    11.3    10.3     9.0
64756 20170424  2.422  -73.74   41.79    21.0     2.4    11.7    13.5     0.0    15.34 C    30.2     0.6    13.8    90.3    27.0    51.1   0.186   0.200   0.185   0.148   0.167    13.0    12.7    11.9    10.7     9.1
64756 20170425  2.422  -73.74   41.79    13.8     8.2    11.0    11.0     6.7     4.02 C    17.0     8.9    11.4    92.0    39.0    75.4   0.200   0.206   0.184   0.147   0.166    12.3    12.2    11.7    10.9     9.3
64756 20170426  2.422  -73.74   41.79    16.9    10.2    13.5    13.6     1.7     6.44 C    21.2    10.6    14.7    94.5    78.2    87.6   0.213   0.222   0.191   0.149   0.167    13.3    12.8    11.8    10.8     9.4
64756 20170427  2.422  -73.74   41.79    20.3    13.5    16.9    16.5     0.0     8.31 C    27.4    13.4    17.4    93.9    65.9    81.5   0.205   0.215   0.192   0.150   0.166    14.9    14.4    12.9    11.3     9.6
64756 20170428  2.422  -73.74   41.79    29.0    14.6    21.8    20.3     0.0    22.74 C    39.7    12.2    21.7    90.9    16.8    59.6   0.203   0.211   0.189   0.150   0.167    17.5    16.7    14.4    12.0     9.8
64756 20170429  2.422  -73.74   41.79    27.1    14.1    20.6    20.0     0.0    14.46 C    37.7     9.7    19.7    73.9    39.8    54.4   0.195   0.204   0.185   0.148   0.169    17.5    17.0    15.3    13.1    10.2
64756 20170430  2.422  -73.74   41.79    14.3     8.4    11.4    11.0     0.3     9.09 C    21.0     5.4    12.6    73.2    44.3    57.1   0.189   0.198   0.182   0.146   0.169    14.7    14.8    14.5    13.3    10.7
64756 20170501  2.422  -73.74   41.79    21.9     7.4    14.6    14.7     0.0     9.42 C    26.7     8.9    16.4    94.0    58.2    76.5   0.188   0.196   0.179   0.145   0.167    14.8    14.5    13.7    12.8    11.0
64756 20170502  2.422  -73.74   41.79    20.7    12.3    16.5    17.2     1.2    13.08 C    29.9     8.5    17.8    94.6    30.4    63.7   0.187   0.195   0.178   0.144   0.167    16.6    16.2    14.7    13.1    11.1
64756 20170503  2.422  -73.74   41.79    15.9     2.8     9.4    11.3     0.0    19.72 C    32.1     0.3    13.0    78.5    37.3    49.7   0.178   0.189   0.175   0.142   0.166    15.0    14.9    14.3    13.3    11.3
64756 20170504  2.422  -73.74   41.79    18.4    -1.1     8.6     9.8     0.0    23.12 C    36.6    -1.9    13.5    92.2    18.4    52.4   0.169   0.182   0.172   0.141   0.166    14.3    14.2    13.7    13.0    11.4
64756 20170505  2.422  -73.74   41.79    13.8     7.1    10.4    10.8    30.1     3.16 C    14.7     8.1    11.2    90.6    54.1    83.5   0.220   0.226   0.186   0.145   0.166    13.0    13.2    13.2    12.8    11.4
64756 20170506  2.422  -73.74   41.79    19.3    10.1    14.7    15.5    14.3    13.23 C    30.2     9.3    16.4    92.0    51.2    75.5   0.252   0.258   0.210   0.160   0.166    15.1    14.8    13.5    12.5    11.4
64756 20170507  2.422  -73.74   41.79    12.1     4.3     8.2     8.6     8.4    10.48 C    22.3     4.8    11.5    94.6    63.0    84.1   0.260   0.263   0.217   0.165   0.174    14.1    14.1    13.7    12.9    11.5
64756 20170508  2.422  -73.74   41.79    10.7     1.8     6.3     6.3     0.0    14.87 C    23.5     1.2     9.2    95.7    44.6    69.0   0.242   0.247   0.210   0.162   0.180    12.8    12.9    12.9    12.6    11.6
64756 20170509  2.422  -73.74   41.79    12.1     1.0     6.5     7.0     0.0    15.48 C    30.5     1.0    10.7    93.7    39.6    64.0   0.226   0.233   0.201   0.157   0.177    12.5    12.5    12.4    12.2    11.6
64756 20170510  2.422  -73.74   41.79    14.3     0.0     7.1     7.1     0.0    20.61 C    34.0    -0.5    10.6    94.1    37.2    65.9   0.216   0.224   0.196   0.154   0.174    12.8    12.8    12.4    12.0    11.5
64756 20170511  2.422  -73.74   41.79    17.4    -1.4     8.0     9.1     0.0    22.69 C    34.8    -1.6    12.5    94.7    33.2    63.1   0.207   0.216   0.192   0.152   0.173    13.2    13.0    12.5    12.0    11.4
64756 20170512  2.422  -73.74   41.79    19.3     2.8    11.0    12.0     0.0    26.48 C    39.8     0.9    16.2    93.2    35.8    62.5   0.198   0.208   0.188   0.150   0.171    15.0    14.6    13.3    12.2    11.4
64756 20170513  2.422  -73.74   41.79    10.8     6.4     8.6     9.1    37.8     3.73 C    15.1     7.3    10.7    94.9    72.7    86.0   0.244   0.244   0.203   0.153   0.171    13.3    13.6    13.5    12.7    11.5
64756 20170514  2.422  -73.74   41.79    16.7     4.4    10.5     9.9     2.6    23.03 C    33.3     5.0    14.8    94.9    51.9    79.9   0.256   0.258   0.221   0.166   0.182    14.4    14.0    13.0    12.4    11.6
64756 20170515  2.422  -73.74   41.79    18.5     7.4    12.9    12.8     0.7    16.76 C    30.6     5.5    14.6    92.0    43.6    66.7   0.239   0.240   0.207   0.159   0.180    15.2    15.0    14.0    12.9    11.7
64756 20170516  2.422  -73.74   41.79    24.1     3.4    13.8    15.1     0.0    23.70 C    37.7     2.9    17.9    94.6    30.8    62.7   0.224   0.226   0.199   0.155   0.176    16.3    15.9    14.5    13.2    11.9
64756 20170517  2.422  -73.74   41.79    32.3     7.8    20.1    22.6     0.0    28.08 C    43.0     7.9    24.2    91.7    26.0    55.3   0.210   0.213   0.192   0.153   0.174    19.0    18.3    16.0    13.9    12.1
64756 20170518  2.422  -73.74   41.79    33.4    17.6    25.5    26.7     2.6    27.75 C    45.4    15.8    27.4    90.0    27.9    53.3   0.194   0.199   0.186   0.150   0.172    21.7    21.0    18.2    15.2    12.5
64756 20170519  2.422  -73.74   41.79    30.4    13.3    21.8    21.9     0.0    24.41 C    42.9    12.0    24.1    94.6    36.0    64.8   0.188   0.193   0.180   0.147   0.171    22.2    21.7    19.3    16.5    13.1
64756 20170520  2.422  -73.74   41.79    20.6     6.3    13.4    14.0     0.0    21.69 C    38.9     5.2    17.9    86.8    24.7    56.7   0.180   0.186   0.176   0.144   0.170    19.7    19.7    18.6    16.9    13.7
64756 20170521  2.422  -73.74   41.79    21.4     2.9    12.1    13.4     0.0    24.95 C    40.0     2.6    18.2    94.7    32.1    59.0   0.172   0.178   0.172   0.143   0.170    18.8    18.7    17.8    16.5    14.1
64756 20170522  2.422  -73.74   41.79    14.8    11.7    13.2    12.8     2.0     4.68 C    21.0    12.0    14.7    95.2    41.2    73.7   0.166   0.174   0.168   0.140   0.169    17.1    17.3    17.2    16.4    14.2
64756 20170523  2.422  -73.74   41.79    18.9     7.9    13.4    14.1     0.0    16.17 C    33.3     6.4    16.6    95.3    45.7    75.4   0.170   0.175   0.167   0.138   0.167    17.5    17.4    16.6    15.8    14.3
64756 20170524  2.422  -73.74   41.79    22.7     9.7    16.2    16.1     0.0    21.73 C    40.7    10.0    19.6    94.1    39.5    67.5   0.166   0.173   0.165   0.137   0.167    18.7    18.4    17.1    15.8    14.3
64756 20170525  2.422  -73.74   41.79    14.8    10.8    12.8    13.3     5.3     4.18 C    17.5    10.8    14.1    88.5    72.8    83.3   0.165   0.171   0.163   0.136   0.167    16.8    17.0    16.8    16.0    14.3
64756 20170526  2.422  -73.74   41.79    21.2    10.9    16.0    14.6     8.6    12.75 C    33.1    11.7    17.6    93.7    62.1    84.3   0.228   0.216   0.169   0.137   0.166    17.6    17.4    16.4    15.6    14.4
64756 20170527  2.422  -73.74   41.79    20.8    10.5    15.7    16.1     0.0    22.86 C    38.7     9.1    20.8    92.5    52.2    73.2   0.209   0.210   0.175   0.139   0.164    19.7    19.2    17.5    15.9    14.4
64756 20170528  2.422  -73.74   41.79    21.8    12.9    17.3    17.3     0.0    12.26 C    33.4    11.7    19.4    92.7    58.3    72.8   0.196   0.199   0.174   0.140   0.164    19.6    19.5    18.3    16.6    14.5
64756 20170529  2.422  -73.74   41.79    13.9    12.2    13.0    12.9     7.9     4.83 C    21.4    12.2    14.7    91.5    71.8    83.5   0.216   0.212   0.174   0.140   0.164    17.2    17.4    17.3    16.6    14.8
64756 20170530  2.422  -73.74   41.79    15.9    11.7    13.8    13.8     0.0     5.72 C    21.2    12.8    15.5    91.9    75.8    83.2   0.220   0.218   0.180   0.142   0.165    16.8    16.9    16.6    16.1    14.8
64756 20170531  2.422  -73.74   41.79    24.8    12.6    18.7    16.9     6.9    20.49 C    38.8    12.7    20.7    94.3    48.7    81.8   0.219   0.217   0.179   0.143   0.164    19.3    18.9    17.2    16.0    14.8
64756 20170601  2.422  -73.74   41.79    23.9    11.0    17.4    17.4     0.0    27.07 C    40.4     9.7    21.0    95.4    34.5    64.7   0.226   0.222   0.184   0.144   0.164    20.6    20.2    18.5    16.7    14.9
64756 20170602  2.422  -73.74   41.79    21.6     5.1    13.3    13.8     0.0    23.61 C    38.1     5.1    17.1    91.8    35.6    60.1   0.205   0.204   0.181   0.144   0.164    19.3    19.3    18.5    17.2    15.2
64756 20170603  2.422  -73.74   41.79    22.2     4.1    13.1    12.8     0.4    22.97 C    38.7     4.0    16.7    93.6    32.4    66.3   0.194   0.195   0.177   0.143   0.165    18.8    18.7    17.9    17.0    15.3
64756 20170604  2.422  -73.74   41.79    19.2     5.0    12.1    12.4     8.2    11.28 C    28.5     4.9    14.8    93.3    48.8    80.8   0.203   0.199   0.175   0.141   0.164    17.4    17.6    17.5    16.9    15.4
64756 20170605  2.422  -73.74   41.79    18.5    12.2    15.3    14.8    20.8     7.81 C    24.2    12.5    16.6    94.8    77.5    86.0   0.246   0.235   0.186   0.143   0.164    17.5    17.5    17.0    16.5    15.4
64756 20170606  2.422  -73.74   41.79    12.5     9.0    10.8    11.0    10.4     6.65 C    18.8    10.8    13.3    90.4    76.7    84.8   0.275   0.267   0.223   0.164   0.165    16.1    16.4    16.4    16.2    15.4
64756 20170607  2.422  -73.74   41.79    21.1     8.7    14.9    13.8     0.0    23.21 C    35.6     8.6    18.0    93.8    44.9    74.7   0.243   0.237   0.207   0.162   0.175    18.1    17.8    16.7    15.9    15.3
64756 20170608  2.422  -73.74   41.79    23.1     5.4    14.2    15.0     0.0    20.58 C    34.0     5.3    18.0    95.8    39.3    68.8   0.225   0.221   0.198   0.157   0.175    18.6    18.4    17.4    16.3    15.3
64756 20170609  2.422  -73.74   41.79    25.1     7.4    16.3    16.3     0.0    23.07 C    38.6     6.2    19.7    93.0    37.9    69.5   0.214   0.212   0.193   0.153   0.173    19.6    19.3    18.0    16.6    15.4
64756 20170610  2.422  -73.74   41.79    28.2     8.4    18.3    19.9     0.0    25.75 C    41.9     8.0    22.7    93.8    45.7    66.8   0.201   0.201   0.187   0.151   0.171    20.9    20.6    18.9    17.1    15.5
64756 20170611  2.422  -73.74   41.79    31.5    17.0    24.3    24.9     0.0    29.15 C    43.5    15.1    26.6    84.2    34.3    57.6   0.186   0.189   0.181   0.148   0.171    23.2    22.7    20.3    18.0    15.7
64756 20170612  2.422  -73.74   41.79    32.3    14.7    23.5    24.3     0.0    29.47 C    44.8    13.7    27.5    92.8    37.9    65.5   0.169   0.175   0.173   0.145   0.170    24.5    24.0    21.5    18.9    16.1
64756 20170613  2.422  -73.74   41.79    32.1    15.7    23.9    23.5     5.7    23.12 C    45.7    15.0    26.7    94.7    48.8    77.7   0.156   0.165   0.167   0.141   0.169    24.9    24.4    22.3    19.8    16.6
64756 20170614  2.422  -73.74   41.79    26.0    11.3    18.6    20.4     0.0    29.91 C    40.1    10.5    24.2    87.3    28.1    59.4   0.153   0.162   0.164   0.140   0.169    24.8    24.5    22.6    20.3    17.1
64756 20170615  2.422  -73.74   41.79    23.8     9.2    16.5    17.4     0.0    19.01 C    38.4     9.1    20.2    93.3    40.7    64.3   0.144   0.155   0.160   0.137   0.167    22.2    22.4    21.7    20.3    17.5
64756 20170616  2.422  -73.74   41.79    20.9    14.3    17.6    17.3     3.1     8.52 C    29.4    12.9    19.2    94.5    57.6    79.2   0.140   0.151   0.157   0.135   0.166    21.0    21.1    20.7    19.8    17.7
64756 20170617  2.422  -73.74   41.79    25.0    16.0    20.5    20.4     0.0    13.95 C    37.6    15.7    23.2    94.3    73.4    85.3   0.145   0.152   0.155   0.134   0.164    22.3    22.0    20.6    19.4    17.7
64756 20170618  2.422  -73.74   41.79    29.8    20.7    25.3    24.7     0.0    19.22 C    42.0    21.0    27.2    90.3    62.1    78.1   0.142   0.150   0.153   0.132   0.165    24.5    24.1    21.9    19.8    17.8
64756 20170619  2.422  -73.74   41.79    29.5    20.3    24.9    23.4    40.0    14.35 C    41.4    20.3    24.7    93.5    65.0    85.7   0.177   0.181   0.157   0.133   0.163    24.6    24.4    22.7    20.6    18.0
64756 20170620  2.422  -73.74   41.79    27.1    14.7    20.9    22.1     0.0    28.88 C    40.4    14.8    25.2    93.5    40.1    67.4   0.222   0.215   0.183   0.147   0.166    25.2    24.8    23.0    21.0    18.3
64756 20170621  2.422  -73.74   41.79    26.8    13.1    20.0    20.3     0.0    26.10 C    36.7    12.5    23.2    92.2    43.4    65.5   0.207   0.198   0.182   0.148   0.168    24.5    24.3    23.0    21.3    18.6
64756 20170622  2.422  -73.74   41.79    27.4    10.4    18.9    20.2     0.0    29.01 C    39.7    10.2    24.4    94.3    43.6    70.0   0.193   0.186   0.178   0.145   0.168    24.6    24.4    22.9    21.3    18.9
64756 20170623  2.422  -73.74   41.79    28.9    20.0    24.5    24.6     0.4    16.97 C    37.8    19.0    26.4    89.4    60.6    75.1   0.182   0.178   0.173   0.143   0.168    25.3    25.0    23.5    21.6    19.0
64756 20170624  2.422  -73.74   41.79    27.7    17.5    22.6    23.3     4.0    25.81 C    40.1    18.7    26.8    92.8    38.3    70.9   0.181   0.174   0.170   0.141   0.166    26.6    26.2    24.2    21.9    19.3
64756 20170625  2.422  -73.74   41.79    26.6    13.2    19.9    20.1     0.3    28.38 C    37.9    12.9    23.9    95.8    44.6    71.3   0.178   0.170   0.166   0.139   0.167    25.8    25.6    24.2    22.3    19.6
64756 20170626  2.422  -73.74   41.79    24.4     9.5    16.9    17.4     0.0    25.37 C    38.0     9.4    21.0    95.3    38.1    67.4   0.167   0.162   0.162   0.137   0.166    24.1    24.2    23.5    22.2    19.8
64756 20170627  2.422  -73.74   41.79    24.0     9.7    16.8    16.4     0.7    24.17 C    37.9     9.7    20.6    94.4    35.1    75.0   0.157   0.155   0.157   0.136   0.165    23.7    23.7    22.9    21.8    19.8
64756 20170628  2.422  -73.74   41.79    25.0     7.2    16.1    16.5     0.0    28.30 C    37.6     7.0    21.1    95.4    37.7    69.7   0.147   0.147   0.153   0.133   0.164    23.3    23.3    22.4    21.5    19.8
64756 20170629  2.422  -73.74   41.79    27.4    14.2    20.8    21.4     0.0    19.89 C    37.0    13.8    23.5    81.3    49.7    65.3   0.138   0.139   0.148   0.131   0.164    23.7    23.6    22.6    21.4    19.8
64756 20170630  2.422  -73.74   41.79    31.1    20.3    25.7    23.8    18.3    18.07 C    41.0    18.9    25.5    94.0    51.2    76.0   0.139   0.132   0.145   0.129   0.164    24.8    24.5    23.1    21.5    19.8
64756 20170701  2.422  -73.74   41.79    28.0    19.7    23.9    23.8     0.2    19.28 C    35.3    19.7    25.8    93.7    67.5    83.2   0.157   0.136   0.144   0.129   0.163    25.7    25.4    23.7    21.9    19.9
64756 20170702  2.422  -73.74   41.79    29.8    18.4    24.1    23.7     4.0    27.67 C    39.5    18.4    27.6    95.1    43.6    74.0   0.146   0.135   0.143   0.129   0.162    26.8    26.4    24.5    22.3    20.1
64756 20170703  2.422  -73.74   41.79    28.3    15.0    21.7    21.4     0.0    27.08 C    40.6    15.0    25.4    95.7    40.4    73.5   0.141   0.132   0.139   0.128   0.162    26.4    26.3    24.8    22.8    20.3
64756 20170704  2.422  -73.74   41.79    26.8    12.6    19.7    20.0     0.0    29.45 C    39.0    12.4    24.6    94.5    36.1    68.6   0.131   0.126   0.136   0.126   0.161    25.9    25.8    24.6    22.9    20.6
64756 20170705  2.422  -73.74   41.79    28.0    11.9    20.0    20.7     0.0    26.90 C    40.9    10.9    24.3    95.1    35.5    65.2   0.116   0.114   0.131   0.125   0.161    25.3    25.3    24.2    22.8    20.7
64756 20170706  2.422  -73.74   41.79    25.7    14.3    20.0    20.3     0.0    19.03 C    36.9    14.1    23.1    86.9    50.7    69.2   0.105   0.104   0.126   0.124   0.160    24.7    24.7    23.9    22.7    20.9
64756 20170707  2.422  -73.74   41.79    25.8    16.8    21.3    20.0    11.5    13.88 C    34.6    17.4    22.1    94.8    58.1    83.6   0.114   0.100   0.123   0.123   0.160    24.2    24.2    23.4    22.4    20.8
64756 20170708  2.422  -73.74   41.79    29.0    15.3    22.1    21.5     0.0    21.92 C    38.5    14.4    24.3    95.2    54.1    81.0   0.130   0.106   0.122   0.123   0.159    25.5    25.3    23.9    22.4    20.8
64756 20170709  2.422  -73.74   41.79    26.3    10.9    18.6    19.4     0.0    29.72 C    38.1    10.3    23.1    95.6    37.6    66.4   0.119   0.103   0.119   0.121   0.158    24.8    24.8    23.8    22.5    20.8
64756 20170710  2.422  -73.74   41.79    27.6    11.8    19.7    21.3     0.0    23.67 C    38.9    11.4    24.2    93.4    43.1    66.3   0.105   0.096   0.113   0.120   0.158    24.7    24.7    23.6    22.5    20.9
64756 20170711  2.422  -73.74   41.79    27.4    19.2    23.3    22.6     8.5    17.79 C    40.4    19.0    25.3    94.8    60.5    81.4   0.106   0.093   0.110   0.120   0.157    25.6    25.4    24.1    22.6    20.9
64756 20170712  2.422  -73.74   41.79    29.4    18.5    23.9    23.1     1.9    16.27 C    40.7    18.6    25.8    95.0    63.3    85.2   0.108   0.094   0.108   0.118   0.157    25.8    25.6    24.2    22.8    21.0
64756 20170713  2.422  -73.74   41.79    29.5    18.3    23.9    23.4    23.3    13.61 C    36.7    18.7    25.3    94.8    64.4    85.7   0.134   0.110   0.108   0.118   0.156    25.7    25.7    24.4    23.0    21.0
64756 20170714  2.422  -73.74   41.79    18.5    15.9    17.2    17.5     4.1     5.36 C    22.7    17.4    19.3    92.4    85.9    88.3   0.194   0.151   0.114   0.120   0.155    23.0    23.3    23.4    22.9    21.2
64756 20170715  2.422  -73.74   41.79    26.6    16.5    21.5    21.0     0.8    21.13 C    37.9    16.4    24.3    94.6    53.1    78.7   0.190   0.163   0.119   0.122   0.155    24.6    24.4    23.2    22.2    21.2
64756 20170716  2.422  -73.74   41.79    27.9    13.3    20.6    21.0     0.0    27.03 C    40.0    13.0    24.8    95.5    47.6    75.1   0.171   0.154   0.123   0.123   0.155    25.4    25.3    23.9    22.6    21.1
64756 20170717  2.422  -73.74   41.79    29.2    16.1    22.6    22.9     0.0    20.47 C    42.2    15.7    25.3    94.4    51.6    75.1   0.155   0.143   0.124   0.122   0.156    25.7    25.6    24.4    22.9    21.2
64756 20170718  2.422  -73.74   41.79    30.3    19.3    24.8    24.7     0.0    24.99 C    41.1    18.8    28.0    92.5    55.8    75.9   0.142   0.132   0.122   0.122   0.156    27.0    26.7    24.9    23.2    21.3
64756 20170719  2.422  -73.74   41.79    31.2    19.1    25.1    25.0     0.0    27.69 C    41.9    17.6    28.0    93.6    38.7    70.6   0.126   0.118   0.118   0.122   0.156    27.6    27.4    25.6    23.7    21.5
64756 20170720  2.422  -73.74   41.79    31.8    16.6    24.2    23.4     0.7    21.53 C    41.9    16.0    26.1    94.1    48.4    77.7   0.111   0.103   0.114   0.121   0.156    27.0    27.0    25.6    24.0    21.7
64756 20170721  2.422  -73.74   41.79    30.6    16.6    23.6    23.6     0.0    25.55 C    41.2    16.0    26.8    95.1    50.7    77.2   0.100   0.093   0.108   0.120   0.155    27.1    27.0    25.5    24.0    21.9
64756 20170722  2.422  -73.74   41.79    27.7    15.6    21.7    21.2     0.5    16.04 C    39.8    13.6    23.8    94.9    40.6    79.8   0.092   0.086   0.104   0.119   0.156    25.9    26.1    25.3    24.1    22.0
64756 20170723  2.422  -73.74   41.79    26.4    18.5    22.5    22.2     0.0    19.03 C    38.3    18.9    25.3    94.0    54.4    73.8   0.087   0.082   0.100   0.118   0.155    26.0    26.0    24.9    23.8    22.1
64756 20170724  2.422  -73.74   41.79    19.4    14.8    17.1    16.7    29.2     9.10 C    27.3    14.6    18.5    93.1    69.7    80.1   0.145   0.118   0.102   0.117   0.154    23.1    23.6    23.9    23.5    22.1
64756 20170725  2.422  -73.74   41.79    18.6    13.7    16.2    16.2     0.0     7.35 C    25.0    15.2    18.6    93.3    73.3    82.2   0.167   0.133   0.107   0.116   0.153    21.9    22.2    22.4    22.5    21.9
64756 20170726  2.422  -73.74   41.79    24.7    11.2    18.0    18.3     0.0    22.22 C    38.1    10.6    21.5    95.6    50.4    75.0   0.155   0.128   0.108   0.118   0.152    22.9    23.0    22.3    22.0    21.7
64756 20170727  2.422  -73.74   41.79    24.2    15.2    19.7    19.5     0.0     8.28 C    29.2    14.7    20.7    94.4    72.9    82.0   0.144   0.122   0.109   0.118   0.154    22.5    22.7    22.4    22.0    21.4
64756 20170728  2.422  -73.74   41.79    26.5    16.9    21.7    20.9     0.0    21.06 C    38.2    14.9    23.9    95.8    52.3    79.4   0.137   0.117   0.110   0.119   0.154    24.1    24.1    22.8    22.0    21.3
64756 20170729  2.422  -73.74   41.79    24.2    10.4    17.3    18.1     0.0    21.28 C    36.2     8.5    20.0    93.3    42.8    69.4   0.126   0.108   0.108   0.118   0.154    23.3    23.6    23.0    22.2    21.3
64756 20170730  2.422  -73.74   41.79    25.5     8.2    16.8    17.3     0.0    27.68 C    37.9     6.6    20.4    94.9    33.9    67.9   0.113   0.099   0.104   0.117   0.154    22.8    23.0    22.4    22.0    21.3
64756 20170731  2.422  -73.74   41.79    29.4    10.1    19.7    20.1     0.0    25.49 C    40.7     8.6    23.3    94.4    40.7    73.2   0.101   0.090   0.099   0.116   0.153    23.8    23.8    22.7    21.9    21.2
64756 20170801  2.422  -73.74   41.79    29.9    13.8    21.8    21.9     0.0    24.74 C    41.7    11.9    25.2    95.2    46.1    76.0   0.091   0.081   0.094   0.115   0.155    24.9    24.9    23.4    22.2    21.1
64756 20170802  2.422  -73.74   41.79    30.4    15.0    22.7    19.9    14.7    15.52 C    44.4    14.4    22.6    95.2    46.5    85.9   0.113   0.083   0.090   0.115   0.152    24.3    24.5    23.6    22.6    21.3
64756 20170803  2.422  -73.74   41.79    29.0    13.5    21.3    21.6     0.0    24.43 C    38.9    13.5    24.8    95.6    51.8    77.8   0.158   0.107   0.090   0.113   0.151    24.9    24.8    23.4    22.4    21.3
64756 20170804  2.422  -73.74   41.79    28.6    17.7    23.1    22.9    10.8    16.94 C    37.1    17.0    23.8    93.6    45.6    76.2   0.162   0.118   0.091   0.113   0.154    25.1    25.2    24.1    22.8    21.3
64756 20170805  2.422  -73.74   41.79    26.3    12.9    19.6    21.4     2.1    16.73 C    36.3    11.5    22.6    91.8    47.3    74.5   0.168   0.124   0.093   0.114   0.156    24.8    24.9    24.0    22.9    21.5
64756 20170806  2.422  -73.74   41.79    24.3     9.9    17.1    17.4     0.0    22.48 C    36.0     9.0    19.9    93.9    42.6    70.6   0.152   0.117   0.093   0.113   0.153    23.2    23.4    23.1    22.6    21.6
64756 20170807  2.422  -73.74   41.79    19.3    12.3    15.8    16.3     4.9     3.93 C    22.3    11.9    17.7    94.7    76.4    89.5   0.148   0.113   0.094   0.114   0.151    21.4    21.7    22.1    22.2    21.5
64756 20170808  2.422  -73.74   41.79    24.3    14.0    19.2    18.9     0.3    18.12 C    33.0    11.9    21.3    95.0    53.9    81.0   0.164   0.122   0.094   0.114   0.149    22.9    22.9    22.1    21.6    21.3
64756 20170809  2.422  -73.74   41.79    27.8    10.0    18.9    19.5     0.0    25.46 C    37.6     8.6    22.3    95.7    43.9    72.8   0.148   0.119   0.094   0.113   0.148    23.4    23.4    22.5    21.7    21.2
64756 20170810  2.422  -73.74   41.79    28.8    13.0    20.9    20.8     0.0    20.96 C    38.7    11.7    22.8    95.0    42.2    74.7   0.133   0.111   0.094   0.113   0.148    24.1    24.2    23.1    22.0    21.2
64756 20170811  2.422  -73.74   41.79    26.2    15.0    20.6    20.5    17.8    15.50 C    35.9    12.9    22.6    93.1    57.4    77.9   0.129   0.105   0.093   0.113   0.149    23.7    23.9    23.1    22.2    21.2
64756 20170812  2.422  -73.74   41.79    26.1    15.9    21.0    20.7    15.2    18.55 C    34.8    15.8    23.2    94.7    63.5    81.2   0.231   0.187   0.119   0.113   0.148    23.6    23.7    22.9    22.1    21.3
64756 20170813  2.422  -73.74   41.79    26.6    14.5    20.5    21.0     0.0    20.98 C    36.5    13.2    23.3    95.2    46.1    75.6   0.192   0.173   0.128   0.116   0.148    24.6    24.6    23.5    22.3    21.3
64756 20170814  2.422  -73.74   41.79    24.5    11.6    18.1    18.7     0.0    14.52 C    31.7    10.4    20.4    95.5    57.9    81.4   0.176   0.162   0.125   0.119   0.148    23.2    23.4    23.0    22.4    21.3
64756 20170815  2.422  -73.74   41.79    24.1    17.6    20.9    20.8     0.9     9.38 C    31.3    17.0    22.1    94.0    72.4    86.3   0.170   0.158   0.124   0.121   0.149    23.5    23.5    22.9    22.2    21.3
64756 20170816  2.422  -73.74   41.79    27.4    15.0    21.2    21.1     0.0    23.20 C    36.8    12.9    23.5    95.6    42.1    75.4   0.164   0.152   0.123   0.120   0.149    24.3    24.3    23.2    22.2    21.3
64756 20170817  2.422  -73.74   41.79    26.4    10.7    18.6    19.6     0.0    23.46 C    37.0     8.3    22.0    95.1    46.9    71.7   0.150   0.139   0.120   0.120   0.151    23.7    23.9    23.1    22.4    21.3
64756 20170818  2.422  -73.74   41.79    26.4    20.1    23.3    23.2     5.1     5.90 C    31.0    19.2    23.8    94.1    75.4    86.5   0.146   0.135   0.118   0.120   0.151    24.1    24.2    23.4    22.5    21.4
64756 20170819  2.422  -73.74   41.79    28.6    18.3    23.4    23.4     0.4    20.46 C    37.2    18.0    25.4    95.4    48.8    76.4   0.157   0.139   0.117   0.119 -99.000    25.4    25.2    23.8    22.6    21.5
64756 20170820  2.422  -73.74   41.79    26.5    14.6    20.5    20.3     0.0    22.55 C    36.4    13.2    22.4    95.4    45.9    75.5   0.147   0.133   0.116   0.118 -99.000    24.7    24.8    24.0    22.9    21.6
64756 20170821  2.422  -73.74   41.79    28.5    13.3    20.9    21.7     0.0    18.34 C    37.4    12.1    23.1    95.1    50.8    76.4   0.138   0.125   0.114   0.117   0.160    24.2    24.3    23.6    22.8    21.7
64756 20170822  2.422  -73.74   41.79    31.4    19.2    25.3    25.4    13.3    19.59 C    39.7    18.5    26.5    92.6    51.3    74.4   0.135   0.119   0.111   0.117   0.156    25.3    25.2    24.0    22.9    21.7
64756 20170823  2.422  -73.74   41.79    25.5    11.9    18.7    20.7     0.0    22.65 C    35.7    11.3    22.9    93.3    40.2    70.6   0.167   0.135   0.111   0.117   0.156    25.4    25.5    24.4    23.2    21.7
64756 20170824  2.422  -73.74   41.79    23.8     9.9    16.9    17.4     0.0    22.58 C    34.7     8.7    20.1    94.6    40.3    68.7   0.148   0.126   0.111   0.116   0.153    23.5    23.8    23.4    23.0    21.9
64756 20170825  2.422  -73.74   41.79    23.0    10.3    16.7    16.4     0.0    19.86 C    33.9     7.8    18.4    94.9    42.8    73.7   0.136   0.119   0.109   0.116   0.151    22.7    23.1    22.9    22.6    21.9
64756 20170826  2.422  -73.74   41.79    22.7     6.6    14.6    14.6     0.0    21.75 C    34.1     4.5    16.6    95.9    42.5    75.7   0.125   0.112   0.106   0.115   0.149    21.6    22.0    22.0    22.1    21.7
64756 20170827  2.422  -73.74   41.79    23.9     6.0    14.9    14.8     0.0    20.74 C    35.8     4.0    17.0    95.2    34.7    73.7   0.115   0.105   0.104   0.114   0.147    21.0    21.4    21.4    21.6    21.5
64756 20170828  2.422  -73.74   41.79    22.9     8.0    15.5    15.5     0.0    19.80 C    32.6     5.9    17.1    95.4    37.5    73.6   0.106   0.098   0.101   0.113   0.148    20.8    21.2    21.1    21.2    21.3
64756 20170829  2.422  -73.74   41.79    17.9    10.0    13.9    14.3     0.0     5.10 C    21.2     8.6    14.8    94.3    65.1    82.7   0.101   0.093   0.099   0.112   0.148    19.4    19.8    20.4    20.9    21.1
64756 20170830  2.422  -73.74   41.79    24.2    11.4    17.8    17.1     0.0    22.69 C    35.2     8.2    19.7    94.2    46.6    74.5   0.098   0.092   0.098   0.111   0.152    20.9    21.0    20.4    20.4    20.8
64756 20170831  2.422  -73.74   41.79    22.7     9.6    16.2    16.0     0.0    12.25 C    35.3     7.1    16.4    94.9    47.7    74.4   0.092   0.088   0.095   0.110   0.150    20.0    20.4    20.4    20.5    20.6
64756 20170901  2.422  -73.74   41.79    20.0     4.6    12.3    12.6     0.0    22.73 C    34.3     0.7    14.6    91.1    31.5    59.7   0.088   0.084   0.093   0.108   0.147    19.0    19.4    19.6    20.1    20.4
64756 20170902  2.422  -73.74   41.79    19.9     3.1    11.5    12.2     3.9    17.72 C    35.0     0.4    15.2    95.1    38.6    71.5   0.084   0.081   0.090   0.107   0.143    18.6    18.9    19.1    19.7    20.2
64756 20170903  2.422  -73.74   41.79    15.4    11.1    13.3    12.7    15.1     3.32 C    19.0    10.0    13.7    94.4    88.8    92.3   0.191   0.128   0.090   0.106   0.143    17.7    18.1    18.7    19.4    19.9
64756 20170904  2.422  -73.74   41.79    26.1    10.8    18.4    18.8     0.0    21.05 C    34.4     9.4    19.5    93.8    46.7    70.8   0.184   0.163   0.092   0.107   0.143    19.2    19.2    18.6    18.9    19.7
64756 20170905  2.422  -73.74   41.79    28.1    16.7    22.4    21.3     5.7    14.39 C    35.1    14.2    22.2    94.5    55.9    77.8   0.172   0.154   0.095   0.107   0.141    21.0    21.0    19.9    19.4    19.4
64756 20170906  2.422  -73.74   41.79    18.5    14.2    16.3    15.9    18.7     3.32 C    24.2    14.8    17.1    95.1    82.5    92.2   0.236   0.211   0.108   0.108   0.141    20.0    20.2    20.1    19.8    19.5
64756 20170907  2.422  -73.74   41.79    21.7    10.7    16.2    15.3     1.4    14.81 C    32.3     9.0    17.3    95.1    51.3    82.5   0.233   0.223   0.138   0.108   0.141    19.9    20.0    19.6    19.5    19.5
64756 20170908  2.422  -73.74   41.79    20.4     7.4    13.9    13.8     1.1    16.29 C    30.6     6.2    15.5    95.9    50.6    77.6   0.203   0.197   0.135   0.113 -99.000    19.1    19.3    19.2    19.4    19.5
64756 20170909  2.422  -73.74   41.79    18.3     4.3    11.3    11.1     0.0    15.98 C    30.2     3.0    12.7    96.8    52.9    81.3   0.192   0.187   0.141   0.114 -99.000    17.7    18.0    18.4    19.0    19.4
64756 20170910  2.422  -73.74   41.79    20.5     6.2    13.4    12.9     0.0    20.69 C    29.7     4.5    14.1    96.3    41.4    76.0   0.182   0.178   0.143   0.116 -99.000    17.6    17.9    18.0    18.5    19.2
64756 20170911  2.422  -73.74   41.79    22.6     5.2    13.9    13.4     0.0    20.05 C    31.6     3.6    14.9    96.1    40.7    76.1   0.171   0.168   0.141   0.116   0.141    17.8    18.0    18.0    18.3    19.0
64756 20170912  2.422  -73.74   41.79    25.3     6.3    15.8    15.1     0.0    18.99 C    33.7     4.6    16.6    95.6    42.3    79.8   0.162   0.160   0.138   0.117   0.144    18.4    18.5    18.2    18.3    18.8
64756 20170913  2.422  -73.74   41.79    26.8     8.2    17.5    18.4     0.0    17.82 C    36.2     6.0    19.9    95.8    37.3    75.8   0.154   0.152   0.135   0.116   0.143    19.4    19.4    18.7    18.5    18.6
64756 20170914  2.422  -73.74   41.79    25.4    18.1    21.7    20.9     0.3    11.49 C    33.5    16.7    22.2    93.8    62.9    82.8   0.148   0.146   0.131   0.117   0.143    21.1    21.0    19.9    19.0    18.7
64756 20170915  2.422  -73.74   41.79    25.8    15.9    20.9    20.1     5.6    11.63 C    37.4    14.8    22.0    95.5    60.2    85.5   0.145   0.146   0.130   0.117   0.143    21.5    21.4    20.4    19.5    18.8
64756 20170916  2.422  -73.74   41.79    27.7    14.3    21.0    19.5     3.5    13.59 C    36.7    13.8    21.5    96.0    56.3    88.1   0.155   0.157   0.128   0.117   0.143    21.9    21.8    20.8    19.8    19.0
64756 20170917  2.422  -73.74   41.79    27.2    13.9    20.6    19.9     0.0    14.94 C    36.4    12.9    21.6    96.1    55.0    85.1   0.165   0.160   0.129   0.116   0.143    22.1    22.0    21.0    20.1    19.2
64756 20170918  2.422  -73.74   41.79    25.7    14.7    20.2    19.8     0.0    17.38 C    34.7    13.2    21.3    95.3    53.8    80.6   0.157   0.154   0.128   0.116   0.143    22.1    22.2    21.3    20.4    19.4
64756 20170919  2.422  -73.74   41.79    25.6    15.6    20.6    20.8     0.0    13.60 C    35.9    13.7    22.2    93.6    55.9    75.7   0.147   0.146   0.127   0.116   0.142    22.0    22.0    21.2    20.5    19.6
64756 20170920  2.422  -73.74   41.79    24.4    18.5    21.5    21.0     0.0     7.48 C    30.6    16.7    21.0    85.3    64.5    76.3   0.141   0.140   0.125   0.114   0.141    21.7    21.8    21.2    20.6    19.7
64756 20170921  2.422  -73.74   41.79    24.5    15.9    20.2    20.6     0.0    11.73 C    32.2    13.1    20.8    92.2    61.5    79.1   0.136   0.136   0.124   0.115   0.143    21.6    21.7    21.0    20.5    19.7
64756 20170922  2.422  -73.74   41.79    25.4    12.7    19.1    19.0     0.0    17.97 C    33.3     8.4    19.1    91.8    40.8    61.2   0.130   0.130   0.121   0.114   0.142    20.7    20.9    20.6    20.4    19.8
64756 20170923  2.422  -73.74   41.79    29.4    12.0    20.7    20.0     0.0    18.89 C    35.8    10.6    20.5    90.1    17.8    60.7   0.121   0.122   0.117   0.113   0.142    20.8    20.9    20.4    20.2    19.7
64756 20170924  2.422  -73.74   41.79    31.5    12.7    22.1    21.3     0.0    18.00 C    38.9    11.4    22.3    93.9    38.0    73.4   0.113   0.113   0.114   0.113   0.141    21.4    21.4    20.6    20.2    19.7
64756 20170925  2.422  -73.74   41.79    31.9    15.2    23.5    23.3     0.0    16.92 C    40.4    13.4    24.2    94.8    44.5    74.8   0.105   0.106   0.110   0.112   0.141    22.5    22.4    21.2    20.4    19.7
64756 20170926  2.422  -73.74   41.79    31.0    15.8    23.4    22.6     0.0    16.74 C    39.2    13.9    23.7    94.6    43.4    75.6   0.099   0.099   0.107   0.110   0.141    22.9    22.9    21.8    20.8    19.8
64756 20170927  2.422  -73.74   41.79    30.8    14.1    22.5    22.3     0.0    17.31 C    39.7    11.9    23.5    95.1    46.9    77.9   0.092   0.093   0.102   0.109   0.139    22.7    22.7    21.8    21.0    19.9
64756 20170928  2.422  -73.74   41.79    22.5    10.6    16.6    17.9     0.0    18.46 C    34.8     4.7    18.5    95.4    35.5    59.8   0.087   0.089   0.099   0.108   0.139    21.3    21.7    21.4    21.0    20.1
64756 20170929  2.422  -73.74   41.79    19.2     3.9    11.5    11.5     1.1    16.80 C    34.3     1.0    13.6    93.0    41.7    69.5   0.082   0.084   0.094   0.108   0.140    18.6    19.1    19.7    20.3    20.1
64756 20170930  2.422  -73.74   41.79    14.0     6.3    10.1     9.9     0.4     4.55 C    23.9     3.0    11.0    95.7    80.3    90.0   0.080   0.082   0.093   0.107   0.139    17.4    17.8    18.6    19.5    19.9
64756 20171001  2.422  -73.74   41.79    18.0     2.8    10.4     9.0     0.0    16.87 C    30.5     0.5    11.7    96.8    42.5    78.3   0.079   0.081   0.093   0.105   0.138    16.7    17.1    17.7    18.7    19.5
64756 20171002  2.422  -73.74   41.79    21.2     0.2    10.7     9.9     0.0    17.86 C    34.1    -2.2    11.5    95.6    27.9    73.1   0.077   0.079   0.091   0.105   0.137    15.9    16.4    17.0    18.1    19.1
64756 20171003  2.422  -73.74   41.79    21.5     3.3    12.4    12.6     0.0    17.00 C    34.8     0.7    13.7    95.3    42.3    71.5   0.075   0.078   0.088   0.104   0.136    16.1    16.4    16.8    17.7    18.8
64756 20171004  2.622  -73.74   41.79 -9999.0 -9999.0 -9999.0 -9999.0 -9999.0 -9999.00 U -9999.0 -9999.0 -9999.0 -9999.0 -9999.0 -9999.0 -99.000 -99.000 -99.000 -99.000 -99.000 -9999.0 -9999.0 -9999.0 -9999.0 -9999.0
64756 20171005  2.622  -73.74   41.79    26.7    12.6    19.6    20.2     0.0    12.88 C    39.9     8.8    20.5    91.7    51.3    70.7   0.082   0.085   0.089   0.102   0.123    18.8    18.6    18.1    17.8    18.1
64756 20171006  2.622  -73.74   41.79    25.6     8.6    17.1    16.5     0.0    13.54 C    42.2     5.0    17.8    94.8    34.5    74.4   0.082   0.084   0.088   0.102   0.123    18.3    18.4    18.2    18.1    18.1
64756 20171007  2.622  -73.74   41.79    25.7    13.3    19.5    20.0     0.0     8.58 C    38.7    10.0    20.7    91.9    57.5    76.0   0.081   0.083   0.087   0.102   0.123    19.2    19.0    18.5    18.1    18.2
64756 20171008  2.622  -73.74   41.79    26.8    20.7    23.8    22.8     7.2     5.42 C    30.9    17.3    22.2    92.1    68.8    84.3   0.095   0.085   0.087   0.101   0.122    20.7    20.4    19.4    18.5    18.2
64756 20171009  2.622  -73.74   41.79    23.7    19.9    21.8    22.2    19.7     2.46 C    24.7    17.1    21.6    94.6    81.6    89.5   0.188   0.140   0.094   0.102   0.122    21.0    20.8    19.9    19.0    18.3
64756 20171010  2.622  -73.74   41.79    24.8    11.9    18.4    18.2     0.0    13.16 C    35.3     9.4    18.5    95.5    49.2    78.5   0.196   0.160   0.105   0.103   0.122    20.2    20.3    19.9    19.2    18.6
64756 20171011  2.622  -73.74   41.79    22.3     9.8    16.1    14.5     1.2     6.99 C    32.4     8.8    16.1    95.3    54.5    83.1   0.183   0.155   0.108   0.103   0.122    18.6    18.7    18.9    19.1    18.7
64756 20171012  2.622  -73.74   41.79    17.2     5.5    11.3    11.0     1.2    10.13 C    25.2     2.9    12.4    93.9    39.1    74.4   0.181   0.155   0.110   0.104   0.121    17.0    17.4    18.0    18.7    18.6
64756 20171013  2.622  -73.74   41.79    18.4     1.8    10.1    10.8     0.0    12.53 C    31.6     0.8    12.6    95.7    52.2    77.3   0.175   0.152   0.110   0.105   0.121    15.5    15.7    16.4    17.9    18.4
64756 20171014  2.622  -73.74   41.79    22.0    11.3    16.7    16.0     0.0     8.32 C    32.1     8.9    17.2    94.4    63.3    83.3   0.167   0.149   0.111   0.105   0.120    17.6    17.5    17.3    17.5    18.1
64756 20171015  2.622  -73.74   41.79    24.2    11.4    17.8    18.6     3.2     7.12 C    32.9     9.5    19.2    94.3    60.9    79.1   0.160   0.145   0.111   0.106   0.120    18.1    18.0    17.7    17.7    17.9
64756 20171016  2.622  -73.74   41.79    16.6     1.7     9.2    10.2     0.2     6.93 C    19.1    -1.0    10.6    93.1    54.9    71.5   0.165   0.146   0.111   0.107   0.119    16.6    17.0    17.5    17.8    17.9
64756 20171017  2.622  -73.74   41.79    14.1    -2.1     6.0     6.1     0.0    15.45 C    24.1    -3.8     7.1    94.6    31.8    66.5   0.158   0.145   0.111   0.107   0.118    13.2    13.7    15.0    17.0    17.8
64756 20171018  2.622  -73.74   41.79    21.4     3.3    12.3    11.6     0.0    14.73 C    29.6     1.1    11.9    89.8    36.1    63.9   0.154   0.143   0.111   0.106   0.119    13.9    14.0    14.6    16.1    17.4
64756 20171019  2.622  -73.74   41.79    22.8     4.6    13.7    14.3     0.0    14.73 C    30.5     2.6    13.0    92.6    25.9    59.1   0.149   0.139   0.110   0.107   0.118    14.4    14.5    14.8    15.9    17.0
64756 20171020  2.622  -73.74   41.79    22.2     4.0    13.1    12.4     0.0    14.60 C    30.6     0.3    11.5    93.6    22.6    59.6   0.143   0.135   0.109   0.106   0.118    14.3    14.4    14.8    15.7    16.7
64756 20171021  2.622  -73.74   41.79    25.4     1.4    13.4    11.8     0.0    13.50 C    32.7    -0.4    11.6    92.4    25.2    66.1   0.137   0.131   0.108   0.107   0.118    13.9    14.0    14.5    15.5    16.5
64756 20171022  2.622  -73.74   41.79    26.2     3.9    15.1    13.8     0.0    13.32 C    34.9     0.8    12.6    92.6    24.8    62.8   0.130   0.127   0.107   0.107   0.118    14.3    14.3    14.5    15.3    16.3
64756 20171023  2.622  -73.74   41.79    21.8     6.0    13.9    16.6     0.0     8.17 C    32.2     3.0    16.9    88.1    60.4    75.6   0.126   0.124   0.106   0.107   0.119    15.3    15.1    15.0    15.3    16.1
64756 20171024  2.622  -73.74   41.79    22.8    17.3    20.1    20.2     9.1     1.96 C    22.8    13.0    18.5    91.4    71.8    82.1   0.150   0.128   0.106   0.106   0.119    17.3    17.1    16.3    15.8    16.1
64756 20171025  2.622  -73.74   41.79    17.5    11.0    14.3    14.3     0.0     4.82 C    22.0     7.3    13.9    95.2    59.1    82.0   0.177   0.146   0.108   0.106   0.119    16.1    16.2    16.2    16.2    16.2
64756 20171026  2.622  -73.74   41.79    13.7     6.0     9.8    10.7     0.0     5.83 C    20.9     0.2     9.8    69.1    51.9    59.8   0.166   0.147   0.108   0.106   0.119    14.3    14.6    15.2    16.0    16.3
64756 20171027  2.622  -73.74   41.79    16.8     1.7     9.2     9.1     0.0    13.23 C    24.5    -0.4     8.2    84.5    31.3    60.7   0.158   0.145   0.109   0.105   0.117    12.5    12.8    13.8    15.3    16.2
64756 20171028  2.622  -73.74   41.79    20.1     1.7    10.9    12.3     0.0    12.25 C    26.6     0.1    11.4    93.4    40.8    71.1   0.153   0.142   0.109   0.105   0.117    12.7    12.7    13.3    14.7    15.9
64756 20171029  2.622  -73.74   41.79    19.5    13.6    16.5    16.6    56.5     0.54 C    18.0    12.5    15.8    90.2    82.3    87.5   0.228   0.200   0.139   0.106   0.118    14.7    14.5    14.3    14.6    15.6
64756 20171030  2.622  -73.74   41.79    19.1     7.7    13.4    10.0     6.7     7.68 C    18.8     3.7     9.8    91.4    41.6    66.9   0.283   0.264   0.221   0.164   0.118    14.0    14.3    14.6    15.0    15.6
64756 20171031  2.622  -73.74   41.79    13.2    -0.4     6.4     7.0     0.0    11.25 C    20.8    -1.1     5.8    88.7    35.4    56.8   0.255   0.240   0.212   0.166   0.138    11.4    11.9    12.9    14.5    15.4
64756 20171101  2.622  -73.74   41.79     9.4    -2.5     3.4     3.7     0.0     1.68 C    11.7    -3.9     4.7    93.2    69.5    85.1   0.246   0.231   0.207   0.163   0.155     9.9    10.3    11.5    13.6    15.2
64756 20171102  2.622  -73.74   41.79    22.2     7.6    14.9    15.6     0.0     6.80 C    25.8     6.5    14.7    90.5    56.8    76.0   0.241   0.226   0.205   0.161   0.157    12.8    12.5    12.3    13.2    14.7
64756 20171103  2.622  -73.74   41.79    21.1     6.0    13.5    15.5     0.0     5.14 C    24.4     0.6    13.5    88.1    50.5    69.6   0.238   0.223   0.204   0.160   0.157    14.1    14.0    13.8    13.7    14.5
64756 20171104  2.622  -73.74   41.79    13.2     2.8     8.0     6.9     0.0    10.09 C    20.6    -1.2     6.5    84.8    37.5    65.7   0.233   0.220   0.202   0.159   0.156    11.6    11.9    12.7    13.8    14.5
64756 20171105  2.622  -73.74   41.79    15.3     4.2     9.8    10.9     0.2     2.99 C    15.8     4.0    11.0    92.0    68.6    79.9   0.231   0.218   0.200   0.158   0.156    11.7    11.8    12.2    13.3    14.4
64756 20171106  2.622  -73.74   41.79    17.2     2.4     9.8    13.2     4.3     1.95 C    22.7     0.1    12.4    89.8    80.6    86.4   0.240   0.222   0.200   0.158   0.156    13.6    13.5    13.2    13.4    14.2
64756 20171107  2.622  -73.74   41.79     6.7     0.8     3.7     3.9     1.9     3.88 C    12.1    -0.3     4.2    91.3    58.0    71.2   0.247   0.227   0.204   0.159   0.155    10.2    10.7    11.9    13.4    14.2
64756 20171108  2.622  -73.74   41.79     8.2    -3.7     2.3     1.8     0.0     8.65 C    17.6    -5.9     2.8    93.2    50.8    73.7   0.248   0.228   0.205   0.160   0.155     9.2     9.6    10.7    12.6    14.0
64756 20171109  2.622  -73.74   41.79    10.8    -5.5     2.6     3.7     0.9     8.96 C    19.1    -7.4     4.3    93.8    46.7    75.4   0.241   0.225   0.203   0.160   0.155     8.1     8.4     9.6    11.8    13.6
64756 20171110  2.622  -73.74   41.79     8.2    -9.4    -0.6    -0.8     0.0    10.00 C    13.9   -11.0    -0.3    88.8    27.0    53.2   0.240   0.223   0.202   0.159   0.155     8.0     8.4     9.6    11.3    13.2
64756 20171111  2.622  -73.74   41.79     0.4   -10.4    -5.0    -4.7     0.0    11.16 C    10.6   -11.7    -3.6    74.0    29.3    51.0   0.236   0.221   0.201   0.159   0.155     4.8     5.5     7.5    10.5    12.8
64756 20171112  2.622  -73.74   41.79     6.9    -7.6    -0.4    -1.4     0.0     9.71 C    14.1    -8.5    -0.3    84.5    19.3    57.1   0.234   0.219   0.200   0.158   0.155     4.8     5.2     6.6     9.5    12.2
64756 20171113  2.622  -73.74   41.79     5.4    -2.4     1.5     0.4     1.4     2.89 C    10.7    -5.2     0.8    89.1    62.3    77.1   0.234   0.219   0.200   0.157   0.154     5.3     5.7     6.7     9.0    11.6
64756 20171114  2.622  -73.74   41.79     5.0    -3.2     0.9     1.2     0.0     2.70 C     9.9    -6.5     1.0    92.3    64.6    80.5   0.235   0.220   0.200   0.156   0.154     5.4     5.7     6.6     8.7    11.2
64756 20171115  2.622  -73.74   41.79     8.8    -3.6     2.6     3.1     0.0    10.25 C    15.1    -6.4     3.3    93.8    40.7    70.3   0.233   0.219   0.199   0.156   0.154     5.8     6.0     6.7     8.5    10.9
64756 20171116  2.622  -73.74   41.79    12.4     5.0     8.7     7.5     5.1     3.48 C    17.5     0.0     6.6    91.5    56.9    74.1   0.252   0.228   0.202   0.157   0.154     7.4     7.3     7.5     8.6    10.7
64756 20171117  2.622  -73.74   41.79     7.8    -4.8     1.5     2.9     0.0    10.58 C    14.0    -8.7     1.7    65.3    31.0    49.5   0.249   0.228   0.204   0.159   0.153     6.6     6.9     7.6     8.8    10.6
64756 20171118  2.622  -73.74   41.79     8.5    -7.4     0.5     1.4     2.3     2.46 C     9.5    -9.5     1.0    87.2    49.4    76.3   0.244   0.226   0.203   0.159   0.154     4.7     5.0     6.2     8.4    10.4
64756 20171119  2.622  -73.74   41.79    13.6     1.4     7.5     7.4     4.6     5.00 C    15.8    -4.1     6.3    89.1    48.3    66.6   0.271   0.246   0.213   0.162   0.154     7.3     7.2     7.3     8.2    10.2
64756 20171120  2.622  -73.74   41.79     7.1    -2.4     2.4     2.3     0.0     7.66 C    14.0    -7.1     1.1    71.1    36.3    54.4   0.256   0.237   0.212   0.164   0.154     5.6     5.9     6.8     8.3    10.0
64756 20171121  2.622  -73.74   41.79    13.6    -1.6     6.0     6.0     0.0     8.93 C    16.3    -4.9     2.7    73.2    29.4    50.0   0.249   0.231   0.209   0.163   0.156     5.3     5.5     6.3     8.0     9.9
64756 20171122  2.622  -73.74   41.79     7.9    -0.5     3.7     3.0     1.1     1.22 C    11.5    -2.4     2.4    92.9    56.4    74.9   0.248   0.228   0.207   0.163   0.156     5.4     5.6     6.3     7.8     9.7
64756 20171123  2.622  -73.74   41.79     5.2    -3.3     0.9    -0.1     0.0     9.74 C    11.6    -8.4    -0.8    73.0    34.0    56.8   0.246   0.228   0.207   0.162   0.156     4.4     4.7     5.7     7.6     9.5
64756 20171124  2.622  -73.74   41.79     9.9    -5.7     2.1     2.3     0.0     9.29 C    14.5    -7.4     0.4    84.0    31.5    57.3   0.243   0.225   0.205   0.161   0.156     4.0     4.3     5.2     7.1     9.3
64756 20171125  2.622  -73.74   41.79    14.1    -2.3     5.9     6.2     0.0     7.54 C    17.3    -4.8     3.5    77.0    32.6    54.9   0.241   0.223   0.204   0.160   0.156     4.6     4.7     5.3     6.9     9.0
64756 20171126  2.622  -73.74   41.79     8.8     0.8     4.8     4.4     0.0     7.94 C    16.2    -5.4     2.8    80.0    37.2    54.5   0.238   0.221   0.202   0.160   0.157     5.3     5.4     5.8     6.9     8.8
64756 20171127  2.622  -73.74   41.79     9.2    -4.9     2.1     2.6     0.0     6.15 C    15.8    -9.3     0.2    72.8    32.0    51.9   0.236   0.220   0.201   0.159   0.156     4.5     4.7     5.5     6.9     8.7
64756 20171128  2.622  -73.74   41.79     8.5    -7.5     0.5     1.5     0.0     8.76 C    13.2    -9.5    -0.6    86.9    40.6    68.7   0.234   0.218   0.201   0.158   0.156     3.2     3.5     4.6     6.6     8.6
64756 20171129  2.622  -73.74   41.79    16.5     1.3     8.9     7.5     0.0     8.78 C    19.7    -5.8     3.9    89.7    18.9    57.9   0.233   0.217   0.200   0.158   0.155     4.5     4.5     4.9     6.3     8.4
64756 20171130  2.622  -73.74   41.79     8.5    -6.4     1.1     2.2     3.0     7.32 C    13.6   -10.4     0.5    91.6    47.8    70.9   0.232   0.217   0.199   0.157   0.155     3.6     3.8     4.7     6.3     8.2
64756 20171201  2.622  -73.74   41.79     8.8    -4.2     2.3     2.7     0.2     6.09 C    15.2    -7.0     1.6    96.2    47.0    80.3   0.244   0.222   0.200   0.157   0.154     4.7     4.8     5.1     6.2     8.1
64756 20171202  2.622  -73.74   41.79     6.8    -5.9     0.4    -0.1     0.0     6.08 C    13.1    -8.4    -0.4    92.3    52.8    78.7   0.239   0.221   0.201   0.158   0.155     3.4     3.7     4.6     6.1     8.0
64756 20171203  2.622  -73.74   41.79     7.7    -3.6     2.0     0.6     0.0     2.89 C    10.1    -7.3    -0.5    93.1    63.4    85.3   0.238   0.220   0.200   0.158   0.155     3.6     3.8     4.5     5.9     7.8
64756 20171204  2.622  -73.74   41.79     6.4    -4.5     0.9    -0.1     0.0     2.49 C     7.9    -7.8     0.5    97.8    85.8    94.0   0.236   0.219   0.200   0.158   0.155     3.3     3.5     4.2     5.7     7.7
64756 20171205  2.622  -73.74   41.79    14.2     6.3    10.2    10.7    11.1     0.70 C    12.7     4.0     8.9    91.7    70.4    79.7   0.249   0.227   0.201   0.157   0.155     5.6     5.2     5.0     5.7     7.5
64756 20171206  2.622  -73.74   41.79    12.7    -0.6     6.1     4.9     2.7     6.07 C    11.2    -6.5     3.2    90.3    29.5    58.2   0.289   0.261   0.227   0.166   0.154     6.3     6.4     6.4     6.4     7.5
64756 20171207  2.622  -73.74   41.79     6.8    -2.2     2.3     2.2     0.0     8.52 C    15.2    -7.6    -0.3    67.0    29.9    47.9   0.266   0.245   0.219   0.169   0.156     3.8     4.1     5.0     6.4     7.7
64756 20171208  2.622  -73.74   41.79     2.0    -5.0    -1.5    -0.7     0.0     4.21 C     7.4    -9.6    -2.4    73.2    44.1    54.7   0.258   0.238   0.214   0.167   0.160     2.5     2.8     4.0     5.9     7.6
64756 20171209  2.622  -73.74   41.79    -0.2    -3.5    -1.9    -1.9     9.0     0.30 C     1.5    -7.0    -2.1    92.8    53.9    77.8   0.256   0.235   0.212   0.165   0.161     2.6     2.8     3.6     5.4     7.3
64756 20171210  2.622  -73.74   41.79     2.8    -5.4    -1.3    -1.0     0.0     7.16 C     0.3   -15.5    -4.7    93.2    52.9    72.2   0.257   0.235   0.212   0.164   0.161     3.1     3.2     3.7     5.2     7.1
64756 20171211  2.622  -73.74   41.79     3.1    -1.5     0.8     0.2     0.0     6.86 C     0.1    -9.1    -3.0    71.5    45.1    59.4   0.259   0.237   0.213   0.164   0.161     3.1     3.3     3.8     5.1     6.9
64756 20171212  2.622  -73.74   41.79     4.8    -3.9     0.4     1.5     9.8     0.37 C     2.3    -4.6    -0.4    92.5    59.5    80.2   0.285   0.253   0.223   0.168   0.160     3.0     3.2     3.7     5.0     6.8
64756 20171213  2.622  -73.74   41.79    -3.9    -9.5    -6.7    -6.6     0.0     3.88 C    -2.4   -14.2    -8.8    59.4    42.3    51.9   0.277   0.253   0.227   0.177   0.166     1.9     2.2     3.2     4.8     6.6
64756 20171214  2.622  -73.74   41.79    -2.1   -14.6    -8.4    -7.1     1.8     7.27 C    -0.9   -20.0   -10.2    87.0    40.3    66.9   0.263   0.242   0.218   0.170   0.170     1.2     1.5     2.5     4.4     6.3
64756 20171215  2.622  -73.74   41.79    -5.2   -15.4   -10.3    -9.7     0.3     2.81 C    -5.0   -19.0   -10.6    85.5    55.6    76.1   0.238   0.236   0.214   0.167   0.168     0.8     1.1     2.1     3.9     6.1
64756 20171216  2.622  -73.74   41.79     0.4    -9.9    -4.7    -4.1     0.0     5.78 C    -0.1   -17.3    -8.2    84.1    56.6    68.8   0.224   0.233   0.211   0.165   0.167     0.6     0.9     1.8     3.6     5.8
64756 20171217  2.622  -73.74   41.79    -1.4   -13.4    -7.4    -6.0     0.0     4.67 C    -2.0   -16.2    -7.7    86.0    43.4    65.4   0.222   0.231   0.210   0.164   0.166     0.5     0.8     1.6     3.4     5.5
64756 20171218  2.622  -73.74   41.79     4.1    -3.7     0.2     0.1     0.0     2.12 C     1.6    -3.5    -0.8    77.5    65.1    71.1   0.225   0.231   0.209   0.163   0.164     0.6     0.8     1.5     3.2     5.3
64756 20171219  2.622  -73.74   41.79    11.3     3.3     7.3     6.9     0.0     3.19 C    12.8     0.4     3.8    82.2    47.2    66.6   0.254   0.244   0.215   0.164   0.164     1.6     1.6     1.8     3.1     5.1
64756 20171220  2.622  -73.74   41.79     6.9    -1.8     2.5     2.4     0.0     4.42 C    12.0    -7.3    -1.0    75.2    36.7    50.6   0.264   0.241   0.216   0.166   0.163     1.9     2.0     2.4     3.4     5.1
64756 20171221  2.622  -73.74   41.79     1.5    -3.4    -1.0    -1.4     0.0     8.06 C     8.0    -8.3    -2.1    63.4    34.7    48.2   0.257   0.236   0.213   0.165   0.164     1.2     1.4     2.1     3.4     5.1
64756 20171222  2.622  -73.74   41.79     1.0    -3.9    -1.5    -1.1     0.2     0.41 C     1.1    -6.2    -1.1    89.9    41.8    64.1   0.252   0.233   0.211   0.164   0.164     0.9     1.1     1.8     3.3     5.0
64756 20171223  2.622  -73.74   41.79     4.2    -0.4     1.9     1.9    19.8     0.10 C     4.1    -3.2     1.6    95.9    87.3    91.7   0.296   0.265   0.231   0.171   0.164     1.7     1.7     2.0     3.2     4.9
64756 20171224  2.622  -73.74   41.79     3.3    -1.2     1.1     0.9     0.5     4.71 C     7.3    -3.4     0.2    95.7    50.9    68.7   0.286   0.261   0.235   0.182   0.173     2.0     2.0     2.4     3.3     4.8
64756 20171225  2.622  -73.74   41.79     1.1    -5.7    -2.3    -1.6     8.9     3.51 C    -0.3   -17.2    -5.4    93.4    42.1    72.0   0.273   0.249   0.224   0.174   0.175     1.7     1.8     2.3     3.3     4.8
64756 20171226  2.622  -73.74   41.79    -4.9   -15.7   -10.3    -7.9     0.0     7.25 C    -6.8   -25.3   -15.8    79.0    38.3    49.6   0.266   0.244   0.219   0.169   0.171     1.3     1.5     2.1     3.3     4.7
64756 20171227  2.622  -73.74   41.79    -6.7   -19.3   -13.0   -12.9     0.0     8.36 C    -8.6   -26.5   -19.7    83.1    32.7    62.6   0.258   0.238   0.215   0.166   0.170     0.8     1.0     1.7     3.1     4.6
64756 20171228  2.622  -73.74   41.79   -10.3   -21.5   -15.9   -15.8     0.0     8.46 C   -11.3   -28.6   -21.6    80.6    37.6    60.8   0.235   0.244   0.211   0.165   0.168     0.4     0.6     1.4     2.8     4.5
64756 20171229  2.622  -73.74   41.79    -9.4   -19.0   -14.2   -14.7     0.0     7.09 C    -8.9   -25.7   -19.0    75.7    44.5    58.2 -99.000 -99.000   0.207   0.163   0.167     0.1     0.4     1.1     2.6     4.3
64756 20171230  2.622  -73.74   41.79    -7.1   -18.9   -13.0   -13.6     1.1     1.10 C    -7.1   -25.7   -16.8    85.7    70.9    79.6 -99.000 -99.000   0.203   0.161   0.166     0.0     0.2     0.9     2.4     4.1
64756 20171231  2.622  -73.74   41.79   -12.3   -21.8   -17.0   -16.7     0.0     3.77 C   -12.1   -29.8   -22.8    83.4    42.0    64.6 -99.000 -99.000   0.200   0.160   0.165    -0.2     0.1     0.8     2.2     4.0
